216263883
1296220084
215052405
1189015903
1007920773
295665035
200788580
118689639
1231006242
96770809
236291914
8584932
1216712002
77885070
82050324
1114095910
148346621
1215851409
93856542
84690942
851230412
1080231991
1184486334
332338278
62895437
164506307
29450043
205866442
217566130
1148116114
24811131
1170888789
8199787
99904157
101619410
120222373
80201503
76001513
1409633741
95575796
71232613
181961612
72607003
225900889
73215047
132517411
1002274368
1188015629
98007086
917057761
74143745
114826966
198833708
92417223
295412938
170705512
342589892
1253848302
57151416
44230486
38711552
1026563728
86401184
23232479
65567748
1107209970
1020142719
354905566
84950106
230010613
95145254
1136697562
1048920833
67614047
101521970
1325560829
154353313
820421709
83833470
60806682
1161691787
118456984
1049837982
26709789
1161643951
1296432258
99141265
302462602
1079325700
205639975
84274813
147074169
91537418
46083479
124250496
32778633
861749454
68457371
85368027
1081551864
94578106
252161561
92084955
1280529020
69982414
1296212140
1052534421
57039874
70767592
136274040
154276560
90588095
316836000
98455894
112739832
405257736
157010330
112941230
23751272
104136406
43483311
161900035
1184265137
147343890
113914123
1217052882
356362110
120901663
1029378119
1187897930
1184562789
217800406
321630690
197792439
1106498124
201209194
1094094871
1236483373
120388016
1215656418
242544423
1184496341
181520193
162303159
168806474
132426930
100803189
1173454612
1184324172
239002905
152540626
1053378341
116453236
1255550262
61030322
143313493
481521811
1215918964
88335137
445030492
1233210849
235206193
899513761
170331679
1216086694
152973308
149901431
435653777
196161404
299031053
1095239134
161617505
181492873
215309363
423491180
1128887089
1297186133
237340554
490451244
1153879189
103113996
284448210
1003114116
455442342
461467008
238677754
114992116
240331975
208418583
433574440
211089607
318075713
112785384
1124675603
146365634
195234821
920752262
423782117
1181337540
1216978300
400681556
914974989
258528041
410883563
488209663
212952590
1216504284
247281551
98626863
149035707
336461616
1070339297
1297903859
315704376
1184910542
440483581
931902232
227625193
1309958638
468302159
257535344
1106551981
490654217
1255423160
183485531
111944844
479406224
275094080
1227862978
1162049190
208855262
931973369
1181051702
137917226
1215780853
1255377936
183086624
906068321
108496442
875310285
359228455
224992254
1118060398
284249490
105949920
75607253
1056020828
492841173
1184546002
308934660
218995857
1066450030
242179356
264045496
239037229
1077888296
392477761
916627333
1041282294
1255651557
110792473
844579102
146086645
227758045
346437823
236328934
472928375
1126525213
1007564852
103694693
319588331
254307299
403865348
1199988673
171185756
1127288761
27574185
1215347819
1199500233
131679644
914546004
356855333
1132717259
97104261
295832058
319148457
248182584
1313004067
158280828
1208686766
198382803
139907293
446472799
893941604
929153851
206597950
397347262
1254561804
842245909
1253618462
1044679051
1255141138
209888782
174863851
1178291654
483520858
184207786
936139430
1115197306
890604484
1114265036
174791465
176716745
1344936854
436967540
300389075
1029341300
292070996
1184383131
855391905
1188578487
903919248
314585757
299099043
1313474483
970366555
234957565
858595576
1002292552
296146954
110110071
346187585
997971602
1123881531
990358472
1233496442
308698544
873273368
313181099
113829888
1102552676
86567212
475169619
481619668
1255526517
1184166482
1267064012
882384773
1229467037
1299663114
197399975
243854969
366898308
207782798
404789783
1271505015
467448368
393985186
1213211357
480908887
419438612
1199849845
1232347546
208887937
467527777
67815206
1305028775
895771591
391677367
1098510972
1119175353
835277659
938428558
872686934
980858278
1052637072
292888983
1184431862
895289376
1003392390
1106092622
895698942
283537076
134123366
1026279827
853647680
884999734
1216011130
1214332020
1253994171
1231012305
60778130
1188797888
1210815324
894778969
45294493
1255158860
1305020082
1310046042
1106210129
1010740820
1114352114
1216200066
1310390062
414865164
1160009314
1055548241
1216410326
457367639
147054698
1216518002
1052844210
1001858013
1199758244
1003051738
1200045556
1216170226
1127899834
352616611
1217316070
1287889557
1101156913
1059401107
1215557300
1127251592
1052480216
1305811707
437997292
1204912480
1159511204
1215806193
1123871412
1270035544
1253514675
1064752222
1215574214
1150231667
1109326046
1122688113
1213851750
1296346011
1215921943
1215806524
1296362369
1165211773
1204765414
1079321740
1261930480
1216225484
97639544
1213567361
1215678230
1204507448
1034733284
1262455244
1052718308
228343089
1215369207
94517512
1216313694
1241381197
1204636437
328594612
1111813389
1216577008
1251129637
1064328760
1105637248
10260794
1215298415
123654668
1215917354
1216639190
1039637225
1051740938
1219951334
1093582415
1062548094
1042193098
1084712565
1055360272
1283133846
1296179793
1216096653
1215485293
375049527
1148874412
1184693017
1179932800
1281167239
1304873563
1166630728
1173533387
180726230
1217034986
1254655275
1254455763
1023855928
1296674080
170367901
1253728763
1137672837
41576348
1199960069
1258763634
1019438883
1138495293
1033882866
1296213777
1229214789
1063661968
1097311416
1426654936
1091947780
85825539
1198054686
1204774996
1187638538
1188956534
1188968541
1184777618
1016959298
1280666895
1123500565
1199926366
149336136
1296599650
1371379994
1169166655
1388927771
1060564288
1213967889
1187928676
1296746678
47503364
395535478
879491830
920456647
296759249
1067010581
1280335636
220258267
1255338606
1199908705
1059393322
1177918531
1254483700
106635424
296236637
51426768
1118962252
378836004
1110424747
306973043
1136969795
181082739
1015784503
894133816
94896207
1312843800
1255217192
1080925493
851102421
1235823034
1105932973
475158279
399646412
847235981
423614051
241833400
835861416
191459958
1105145577
1220785284
418323406
88514277
42491964
1270686348
1156090423
1255266765
149548790
1255134272
1045215764
294371109
916442177
298715245
204218604
294790886
857769770
98801084
1172849865
854293262
1243461897
896618351
336780387
863372273
58428604
1117630637
836168775
72510002
392173592
1080603782
1036357036
915062420
1173738643
375516059
1288848350
233247279
195360929
445628636
871116052
22125010
913535077
147735220
240682471
400943828
115965911
145310395
150441165
1255058578
1254832524
389663566
1169880741
1255143214
107796359
936884239
902063585
178067728
108509485
133643225
1255511942
128009654
1009478047
851227283
12864679
1255538930
83393507
97220791
1043211743
162746556
1423416034
1038178759
1285240432
1031672995
1019836951
300396244
436597957
449678776
367438940
1022919435
1165580965
62722831
346329389
65395257
419317833
1340740503
1025772180
1143725709
1219523502
451334419
1141931495
1250136866
1060676308
383016060
335731616
1214189112
221961029
70179872
442207224
172772694
436877583
1035486104
1095466288
104077677
304396280
148573496
397239546
416382417
123266730
170707417
94599536
104354897
444182000
183807592
154663132
1172087462
1246185608
178069038
398750375
109182643
874689581
1169067903
1421624686
897642930
193882948
1247614006
373971184
104273172
318551470
347976021
901112968
1428331833
354397284
1119213489
1017340259
