216263883
1443036005
186940521
215052405
1296220084
1428281681
1007920773
144155691
200788580
1227197646
1094597576
894846097
295665035
202513323
118689639
1231006242
96770809
1247126611
8584932
236291914
96854525
77885070
1216712002
148346621
1114095910
82050324
65179281
1215851409
93856542
391105511
105055124
1068183192
1411661637
84690942
859026474
1080231991
851230412
190684372
1184486334
1007095694
62895437
1422428376
151892237
85733395
164506307
1019232607
29450043
1210944272
1148116114
217566130
205866442
360546737
1061409607
24811131
387313537
101619410
99904157
8199787
345219042
1112183147
266670332
1170888789
120222373
80201503
97352803
76001513
131563867
68757615
1046000720
187265384
228116863
344348195
1137578048
71232613
1441092633
1281088134
181961612
1409633741
67165684
95575796
225900889
899029034
1466650082
79002435
1412789601
72607003
73215047
1169541447
1172076492
198833708
220799359
114826966
878734948
74143745
388388539
326885157
98007086
1188015629
369109447
364522278
917057761
132517411
94798304
1089248613
237152537
329454441
463057233
1002274368
434428848
1016888880
92417223
45190289
295412938
342589892
851766143
1253848302
57151416
1132275206
196401562
249238621
170705512
44230486
1218494422
38711552
1098419629
1026563728
86401184
1000176147
413741343
1207372054
23232479
1053697725
298057896
237878735
895342344
254813971
1009870410
1020142719
65567748
1107209970
84950106
1068214230
318393642
22079204
1295590884
230010613
910503022
95145254
67614047
1248036811
52122
925819769
430583165
1048920833
51575183
101521970
404297910
154353313
370086050
388767189
1325560829
1274033828
138455175
181803745
1257800162
117690429
83833470
820421709
60806682
1049837982
118456984
386162243
1161691787
1161643951
240934381
26709789
90792441
107307388
1296432258
471379881
99141265
1225017571
164733922
867694715
302462602
84274813
1079325700
1280746980
205639975
1071414894
35770877
147074169
15455764
91537418
1199441452
46083479
1013036694
998474594
115692120
1326294434
32778633
124250496
85370846
298982242
68457371
861749454
900861505
85368027
1164051230
89293365
417264258
1081551864
94578106
252161561
354828416
92084955
873224323
69982414
1280529020
89015683
1296212140
1041913435
68575829
1052534421
57039874
186530600
70767592
1004180738
1284563830
136274040
187757240
1154574354
90588095
154276560
215492827
110378493
316836000
66661755
98455894
112739832
1086649172
1427530274
157010330
180586234
405257736
23751272
112941230
1018391617
1071454701
43483311
1145005261
332110390
104136406
169692749
123657945
161900035
113914123
880265885
147343890
1248559711
1066423276
1184265137
29135638
302749994
1140093181
1217052882
168687839
28878525
158834115
356362110
1010386654
120901663
1163227855
217800406
1184562789
1029378119
429636462
1447515565
1187897930
321630690
206714366
276569644
201209194
1106498124
197792439
120388016
1236483373
1148845870
166816071
1094094871
178630279
235375038
242544423
153556706
1215656418
1184496341
284154878
181520193
1195247939
162303159
1415068517
1197944715
881180651
1154671857
168806474
132426930
1207007315
52811730
100803189
469023169
1130117617
1110721448
1184324172
1173454612
88982094
239002905
152540626
910026966
116453236
1251300185
1453302157
1053378341
125007636
1063251928
70846104
1059626610
1486053546
1255550262
143313493
61030322
481521811
1186686852
52802724
1138713383
1215918964
1195832170
50218586
1128217746
445030492
1152510165
88335137
91530845
1233210849
235206193
1065054050
1028811426
289347436
899513761
236457265
281884592
69370173
873016252
149901431
152973308
1216086694
170331679
196161404
1080321209
435653777
299031053
172064214
161617505
1095239134
295810132
48921216
298935444
215309363
181492873
1189207366
423491180
327140841
119001983
1099463426
299670029
1128887089
52108733
183871093
237340554
1297186133
915805475
908450774
1273072521
1005584080
490451244
1507144696
362458421
28194213
1153879189
103113996
284448210
407440412
124009556
1003114116
1432115503
455442342
1051540313
238677754
461467008
114992116
1175348614
110736339
1062954793
1316931320
240331975
1008696035
433574440
208418583
211089607
318075713
266685944
112785384
1124675603
403127563
146365634
195234821
920752262
423782117
332676259
34676957
1216978300
1144901944
206664984
913649950
120775548
400681556
1429356273
429586564
437299291
258528041
185386411
914974989
147754472
410883563
330063211
212952590
488209663
114734538
247281551
1216504284
883998194
111780352
922277778
149035707
1173994348
76403699
1142881690
1050069227
278187778
98626863
336461616
118938610
229742399
1216899838
1297903859
1070339297
315704376
440483581
1184910542
226794229
471166784
227625193
931902232
183745379
150644604
1309958638
999359667
468302159
162123400
1196720377
89886787
257535344
490654217
1131042644
296977124
45814666
876461870
111944844
183485531
1255423160
275094080
1128515187
479406224
135267812
211148687
452427591
219299998
1227862978
208855262
908074656
34939328
1475845644
1162049190
211570629
158880923
902745968
1181051702
931973369
217888775
137917226
1089521357
883355122
99572076
873392381
1215780853
1255377936
86961388
430383755
1206294411
129850589
368335408
183086624
838251078
906068321
194884785
10356469
17290100
108496442
257941121
875310285
156215622
224992254
869712974
404832854
40234680
359228455
1473866925
1118060398
1257118015
105949920
284249490
430531080
1056020828
248496275
492841173
1184546002
308934660
242934590
166343579
218995857
1246058245
1066450030
1214525752
484855625
242179356
96279109
170318632
1178772408
1113827926
239037229
1507747801
264045496
1077888296
392477761
127204698
916627333
1041282294
166586080
111554401
56645098
331783074
1255651557
844579102
110792473
61878951
146086645
116787709
909635751
5770553
227758045
840705058
346437823
327143513
85153385
143046568
173432650
121971980
472928375
236328934
1126525213
1007564852
103694693
236666898
319588331
47665306
925577988
254307299
403865348
344106655
1085533081
165102165
255086885
170565534
1070503064
1199988673
171185756
1487308547
1478382957
1127288761
1215347819
309155625
393282691
27574185
89085890
914546004
393502611
131679644
1199500233
1120677389
455693855
1195467050
356855333
1118963825
1132717259
160729457
97104261
295832058
319148457
248182584
292886884
1313004067
119046550
158280828
1200964963
198382803
1284905464
1351352417
1208686766
222523658
38308692
139907293
1038514342
446472799
1257391789
404759889
893941604
362808875
221436862
929153851
397347262
206597950
1431381326
421095517
1045715611
1254561804
100907443
842245909
1426438673
1253618462
174863851
1044679051
1255141138
209888782
321108642
1178291654
483520858
347013785
322413213
184207786
882591930
37590584
1164542228
1070100600
1115197306
37230137
232077535
936139430
1114265036
1034914947
890604484
1056767671
174791465
229861609
1100306249
176716745
436967540
1224647899
368856788
1098246367
300389075
189937730
1029341300
1184383131
67673570
491394264
1180882475
292070996
81526081
148041208
1124078441
855391905
1102766343
1310945671
1188578487
126822411
1364037478
860457663
903919248
1077965644
314585757
1017678439
299099043
1092624734
33813017
1313474483
1204393998
178386497
970366555
151663673
1211581587
1048152440
1405562253
234957565
1285587514
858595576
132420978
1307103102
1191697387
296146954
1002292552
148649839
997971602
966444946
1283904875
1021933920
1123881531
346187585
288760184
110110071
990358472
410244614
192629363
1233496442
308698544
873273368
107301197
313181099
881204599
113829888
1102552676
862719219
159964612
86567212
475169619
148240549
123598161
313158376
481619668
914245555
1184166482
1255526517
838371644
1041066850
1267064012
58810819
882384773
911954218
465795364
1229467037
243854969
1299663114
197399975
1060877098
108865527
366898308
207782798
118075734
404789783
1277264885
1271505015
467448368
393985186
1009698221
480908887
1033217298
1095309039
82242552
1213211357
1199849845
419438612
1373792439
1232347546
208887937
107274555
1034021892
1102322010
8848040
1301738512
143654285
467527777
182819958
403678426
67815206
895771591
94365126
391677367
1063008272
1305028775
1119175353
396856087
242112696
89968912
835277659
181804303
284191844
120252326
1161547187
1098510972
938428558
872686934
302178718
297322451
114887997
980858278
984814198
211087645
416593516
1139518233
1006032672
1052637072
1005583109
292888983
895098288
1184431862
1252462434
207668657
1003392390
286676798
1061835592
1106092622
895289376
895698942
1026279827
134123366
1070907039
45989055
853647680
283537076
1059490971
884999734
898600132
117594250
99194015
1295105769
171860868
1216011130
1214332020
490735152
161231723
1253994171
1018192350
1183320778
1231012305
1112911700
1210815324
1188797888
351723057
1260806270
894778969
45294493
255927003
1305020082
1255158860
1310046042
128463437
1106210129
90031212
154047296
1018762658
1252029694
1010740820
73478988
1301398511
1114352114
446094671
1216200066
319767746
1132518095
1310390062
400673923
1277447428
1160009314
1055548241
1274891982
1216410326
1148718355
457367639
40397954
449781905
147054698
188299345
888715248
1256068358
923549760
1260075685
230871590
141804447
1216518002
1052844210
1015001983
209221316
1199758244
1426647185
224409962
1203931582
1001858013
1003051738
247184839
1200045556
181017976
1216170226
98050670
296489494
1092199734
1127899834
1218877107
1039412750
374692207
1217316070
352616611
1189113237
404946919
103119216
1027113705
1243158984
365320743
100685324
1287889557
230741683
1085073920
1101156913
1059401107
1215557300
411339451
1127251592
1300507975
201492517
354075519
1052480216
1305811707
1234523554
1159511204
437997292
487289762
876507048
1204912480
23594526
1261930480
255285228
15758864
70179872
1114418372
1215806193
351077589
290957834
389097210
1123871412
1522913857
1154464568
1270035544
1253514675
1064752222
453068118
1215574214
1150231667
1204807521
1109326046
1122688113
188671279
1213851750
1296346011
1269710054
1296362369
1215921943
1215806524
1082088321
448841935
157260126
68632507
150773925
360606039
1165211773
1466771529
1204765414
1070055390
1079321740
207073820
1216225484
189061139
1230679769
97639544
1213567361
44991411
1269283346
281392484
1215678230
394090526
1204507448
52329867
209247917
1070141354
1034733284
1262455244
1288200012
1441091992
315650211
1052718308
76385304
228343089
260941696
1097365807
1215369207
75430286
1042787805
89325702
219438787
94517512
1216313694
1122122782
907143773
1204636437
1241381197
143846243
880439123
101480176
1220162021
389950732
328594612
1329579162
401558140
88695516
1144688627
1111813389
1216577008
188341241
1251129637
1060893524
1064328760
1105637248
1068036802
123654668
1215298415
87104631
1049539159
1215917354
253609897
375214089
1216639190
438192821
1039637225
105790995
1051740938
1022775703
1219951334
91318398
236047174
1093582415
325347316
1062548094
487784807
962268762
896863043
66910899
1084712565
292432744
1247995203
1296179793
1108069615
359835044
1021256648
1055360272
369625531
1283133846
132117445
1216096653
103040885
1208746516
1384803374
863455669
294371886
423299172
1215485293
1171344805
107477009
1099999712
375049527
130053494
302855247
1148874412
460464135
10915197
1184693017
1179932800
1281167239
888765112
1239725111
1304873563
1104601644
1166630728
1268606083
1173533387
180726230
197854826
1217034986
1044953411
1254655275
1254455763
998258714
1023855928
166249352
168058180
309641351
1060837226
1296674080
170367901
1253728763
1041321696
1137672837
1199960069
1171491009
1130457667
41576348
924108191
124357645
304087840
1446459267
125509090
158735833
199432188
176157667
76600230
1258763634
323037909
177331555
259457912
346053717
1138495293
185723206
1019438883
82167646
1433890934
160270687
1033882866
1296213777
1144911862
1229214789
921176511
1217397810
1238530169
1063661968
277044114
1097311416
1426654936
1091947780
1289080075
1442915637
454634151
85825539
215568337
119774885
150987220
101568944
211804970
925261493
1198054686
1204774996
75265070
921666117
250436384
258597384
1187638538
1137103269
1188956534
1188968541
1184777618
922485032
1016959298
1280666895
387070358
838924145
1123500565
1197940701
178556371
149336136
1199926366
1146407835
361734745
169410496
1296599650
1371379994
907591299
1169166655
289271676
1170948580
1119130749
1388927771
1060564288
84561796
1457963993
1213967889
31572036
1187928676
908742494
1296746678
838319139
402298490
900749598
921781473
47503364
197856061
1268241462
1180994754
82867145
1302576535
395535478
1085145178
1479916974
1190170411
191829493
879491830
86985265
920456647
296759249
1158855288
1067010581
1280335636
241813176
220258267
114703838
1279580923
943987885
398033137
1279747002
196713552
1255338606
1199908705
169982721
1059679299
877404094
1059393322
1177918531
1254483700
1035431406
106635424
158487372
198630651
296236637
1017040277
51426768
382672389
164111180
1118962252
214208885
378836004
299338308
1247355656
1110424747
306973043
1136969795
1139084000
193325463
181082739
1300529018
1015784503
894133816
384676608
1143812637
301282306
94896207
1312843800
1444629880
220401069
156299168
84744823
1080925493
1255217192
101990075
851102421
1181407158
148510973
1235823034
247437817
148054853
121067035
383388538
314395270
77074611
1105932973
1070842580
475158279
423614051
145300743
230226361
241833400
237049510
224748785
36626488
910791389
191459958
1055478426
1105145577
1220785284
43672169
90469174
418323406
33319792
88514277
42491964
1344882646
1089235329
89607354
1270686348
118107968
50554702
54289516
1156090423
901163941
1335597476
1022033958
87995137
1255266765
1098661552
252066440
1036350719
119855192
149548790
1259892541
1255134272
267059644
124902774
315417081
1045215764
361745153
1151710887
1051579563
294371109
1096121466
916442177
302673940
204218604
851975577
364178430
298715245
294790886
857769770
187468088
1250278847
98801084
854293262
1013789895
1142020352
1243461897
896618351
434653226
336780387
392196116
50136220
863372273
121684497
1025118403
58428604
1117630637
440454089
836168775
1147609590
1094972331
72510002
1195995413
377052744
223472887
38536106
392173592
49497555
1080603782
1036357036
915062420
1288848350
375516059
80929433
99115477
150415319
233247279
195360929
445628636
871116052
22125010
923351941
313421362
913535077
50848515
905220030
147735220
400943828
883862490
65871286
1513743151
115965911
47854696
1330002914
73077670
145310395
1101219414
140676027
274119836
472264434
906285001
150441165
1255058578
1254832524
389663566
336605769
411074714
1255143214
126190650
107796359
434190745
479188648
902063585
936884239
112329390
86940291
292847370
178067728
108509485
184819778
1423640090
1511682336
1029564628
133643225
145442096
1133038424
1073980125
1255511942
1033481557
1129871998
128009654
851227283
1009478047
360332035
194963723
1073902364
12864679
1271953338
1255538930
1506331829
83393507
917721841
158484482
2477588
97220791
1043211743
1000470118
112087786
162746556
1423416034
302321413
1038178759
1050034883
1285240432
84845055
1101344405
274853020
454132439
1031672995
1136975557
1256583530
1019836951
436597957
300396244
199029178
1298116102
1123162726
1080061160
449678776
973755157
367438940
354128993
140633547
1137058404
1068314793
1023725826
1022919435
1223242212
193276911
1165580965
296515196
883888915
109098147
62722831
346329389
209218117
59560755
1275282146
1487187457
65395257
1097895526
29556755
260299945
1118903049
350518861
419317833
97087442
1025772180
36983859
109036090
374896141
246429261
1143725709
435720643
1219523502
90016174
451334419
169230074
1141931495
1193808979
1250136866
1101303362
344276696
1025344247
154488712
1060676308
1139868579
1164899535
1123995886
383016060
883658415
1032168774
335731616
64834522
1214189112
65098074
221961029
442207224
1009820147
1085744813
365360322
172772694
436877583
1035486104
909255527
312028033
298320578
340914035
432946553
1095466288
1258195641
104077677
366395770
1075626974
455101080
304396280
46503295
929524974
1000946537
962401462
148573496
1345336765
397239546
196917275
1030173189
416382417
197276007
1246186218
123266730
889783082
170707417
1248193509
1480053633
94599536
909886490
103006207
104354897
154663132
1011760409
430967959
991483736
874689581
362625932
1169067903
117675675
193882948
1247614006
1065173938
494015997
85803721
844287322
86024262
204684968
1255319510
440512240
175878435
1190646952
1257815972
403014925
975366147
110318082
1075428113
225338950
1038823271
146396238
47566430
166262151
74903731
24864785
180835202
85994011
110159266
100464742
1185012547
204872833
1105914026
38161515
1255297598
194062739
1138660808
406088987
194084503
120480258
97389487
185375962
37799619
196116873
1207225932
313149772
162026862
1381712597
460323000
920893382
34777210
449995535
128437778
258578905
1444269092
1246101393
919668046
102544999
1453954917
359302309
182893035
1084805321
904947774
266371876
349586558
1231810696
1203521830
844818042
84394168
326457006
179210630
161813013
44937063
1038526018
1454492810
1244450823
1267209121
132584840
1062945641
1050207754
1097783841
864497574
1083689405
1068112245
1280333709
194897206
297381180
250750133
64337402
457684940
971002259
1069689737
34127815
70364704
861265762
874259615
1209146282
1213500855
321075167
1129134046
335862883
56875872
1224389978
1203481489
386596531
1129881526
147854095
168921249
1419989323
1107336745
111619742
311588530
1244436682
82893531
1299623912
64646881
152284543
415401014
835906641
1185533830
140552962
211822138
894926773
1281529380
203259973
113777806
887608311
1164891340
474103831
1026990367
1441029124
235209609
1275211203
159252900
152862419
1138253618
174935470
1062294883
162986229
331907755
413868298
845660334
325756036
77447020
1091566494
1132589472
150276134
298585364
80372735
1428845147
368626048
168892856
1300336329
450239906
53896738
405945818
1020592644
314105419
901467275
1010567817
1408080995
196971233
129371426
906032631
239885731
130493743
150081357
243060565
272545796
134797450
1208093626
1041040091
1071610394
376517287
340156982
1266049053
66778133
1162293684
443358607
221552591
148742320
119486920
224944057
103258611
1101493481
1097414982
433658467
919449114
118318131
1247808107
146265471
890114939
1422463036
108423502
1441932810
1124653447
426727990
240588226
1021279789
1425971230
1123450299
1442611280
920524979
906659244
1178607327
1146932708
1040054070
33514135
158587459
261888628
188448700
308849870
473598590
151741638
178362003
188423455
1186025310
1115892295
1145413681
936069503
392899596
82619974
43332683
218689291
840813626
78867112
137769589
1262911283
1386209103
1077115379
889669659
177470029
1456539026
1296781354
1151459644
82127529
129398772
1266521274
250980755
1173233248
1006999284
235183530
1408717925
1123085811
129141303
1329959962
1043662467
920208683
200928
397795046
877664942
1411200980
441952399
52685438
19339988
474177018
1261482721
337512421
1161653371
1255912811
1229391548
1463476
1428016765
1260082299
1233929006
1223132211
476944457
436713701
181194768
1250480531
922606494
1104703165
1201528637
378956874
1222895018
928237170
188892080
450690782
904820428
1155705226
1263118461
319510798
1056203402
1033310489
330717636
448626369
1177382967
300222034
37721749
65798062
421411032
86664053
1040185879
80980010
147999575
981512495
1428085999
909760408
128155927
885482533
80240577
169201486
157862724
393775898
120765991
1268899308
883340970
328500194
1138872672
1487865578
15846049
104037165
1185016500
1266339096
1052587697
1432886035
1127809199
1051416478
1242302098
193703980
1156094844
1427184779
369040384
1268566964
351867085
935667382
1116700442
424065522
1353044128
193591915
456516990
1010242921
1061210559
1099456032
1231901955
172975743
111297967
33242834
377394939
1102261546
301083043
155638820
127268146
160170394
1072762950
820145299
310700479
1224823186
1089803558
1201953459
860810548
1050371719
484451385
479284553
364770019
1085727400
1255177545
1260710997
1002461510
888193152
4407167
924150670
322356061
95598519
50896556
1197431326
1046544501
1215186474
174601089
164026852
1071695549
416992924
138005517
1240112047
294857959
118633685
120159679
167607393
157207371
439959190
1038454332
151875232
224583221
183989843
91614648
233916929
1232067386
426380039
284019224
104757451
1191328508
1151102246
1263682162
131691836
1255355358
95676684
393300549
299677653
153831176
100498796
148640355
400220756
295621136
22994883
129557901
89982335
1237823730
1232300628
141135335
203306027
163027314
123254929
838849379
919932852
167168047
1091378867
1172445499
1157174962
1016067724
909386771
1181300004
1269865918
1035392475
36466558
1110642840
1128364977
407865552
1287288363
216401362
1163457812
176671885
398300193
995368650
916890584
134242501
1107661755
151363256
1262854802
1450241860
396842078
5729049
93765404
114889646
135707508
146154322
134500128
187548347
905373840
1267307247
1068351962
145474859
442013765
1408914664
331783153
61142150
284773844
1073699833
1023186903
148000633
347005329
1245704285
340977870
315054627
79977668
905859210
1429028532
435409468
1080229535
373355577
1162915554
482153064
1288095456
408426194
211353357
327877899
1105683295
153779570
1449144430
439897676
219726838
373336541
121364989
342743984
1259231231
1006510381
88773222
272071396
1087398630
143464770
292689686
410761739
283764012
1352082802
20840297
878469393
1213435461
311096548
122823546
487888501
1240492673
869347907
40689765
895742722
328631057
359032305
848028491
92363648
490640908
1272796741
1309239762
273719988
152062833
1152115269
195485721
1385074310
1174032662
850655942
62415343
1426693147
111541867
314334874
297447823
360411363
1277537916
327621457
182644452
1073654847
23486926
118794105
403280331
1275294591
1136112759
275507918
205054031
30427138
54111895
151620008
985076083
40600361
262319176
141848169
919990888
206047180
1280521420
1415039502
380899610
245598501
324859695
460159489
1424583910
311370675
1428591330
1231044292
127586595
107465798
450060049
854823275
1053510308
136181412
26326178
31872683
870316525
17302506
184838745
228239459
1393565329
1268952020
115773172
1011475674
841741752
105589321
1262376612
297700548
403903833
888035174
1457014517
75169730
87469348
1469624481
157542887
142858471
1103491019
411586262
910111640
1088575668
1118435247
1094957864
230541909
970190998
1444136826
25676155
1047332686
1467428261
110096148
1406714496
222892466
908054542
920161827
381462103
243566023
36797551
459560338
1134582042
1203545001
874177828
141532832
899253323
248900944
1072950243
167074549
1161767366
30029769
1103083590
465259768
1137787962
136424737
890426490
320025856
1272546341
1452887675
480096254
130441690
910446063
1220765773
277860518
461039579
1106860061
125848033
1027718933
33474330
80081469
1243035630
919815363
1025717466
1287727293
268253336
871953886
393321292
861230225
1517553976
860736432
32756897
942163896
416550333
1301358230
938882398
1454818758
390888805
1255983486
412949338
1419322332
317357163
74327571
410740848
1104824616
1265487733
1028429733
857161271
1276619912
182916811
384955543
182608465
329143236
915153845
82691140
1161850010
179845652
1012631008
86882848
344791813
123582493
1136944011
1140403046
1148123357
1124106059
457661926
1261230420
1286590340
178052969
421399306
136314162
293208191
1025987619
97494051
470552806
434367548
255833991
1204529839
395534132
144515477
20455859
192917180
114268582
409682206
164803246
839642941
350641544
1240436080
1006403746
34389634
896930654
210742822
917048674
318544638
197506469
1139615348
28315054
1196466969
1454790585
1139333794
124444049
191612617
376108037
867354897
1017996312
66375258
1453955779
1277538692
1453750668
161361656
156211445
482680297
1024893452
152216371
990763436
446685458
448154282
1080709334
1266953673
1228655600
479925936
1107240267
350111141
1428282796
346681707
251352076
1040376073
292003798
1048589011
368433605
159285013
238977702
100420681
1087779048
1356317805
1044399189
39997077
1057096717
153064084
890656746
399404209
194883435
74681776
330383345
1433388921
1028130216
41364508
397986588
187318885
288951514
992942142
1277028441
352651954
1206118467
76581681
1268558049
1078074264
441222269
1238902932
296796973
1084329658
324229303
1017234451
53518
269409424
134311408
83532371
1269180137
130468352
370629063
883617995
77124821
407890073
1077182785
1161569121
1208084287
281123362
1365933726
897118270
1246245546
234292270
1119404174
1171406066
1002124454
1072464252
479356654
1448575336
1195884616
1165083497
79085538
111762019
1005560085
1255437070
62725879
86531449
1265275871
1003208301
64279513
177073258
1109355285
1018727669
187315840
387837257
195477147
107932517
186606814
467872794
115036754
418348090
100735648
437438248
490673915
92298244
1139727908
1007902332
127798585
1130012447
61709740
1267906019
485792124
899141668
122735359
1300458528
346163762
115363653
360614336
386209900
262854320
119655794
335527983
1152360545
27749283
447937957
100564368
113156541
778407520
78581840
1128249353
1022989378
1120711544
394195252
129853118
1158098838
1069815161
1120903086
1006448332
70667558
65692755
1231706100
914557936
1015111527
845464432
78841513
160891885
413510457
15034798
1092455603
219121054
884940635
90840895
161916966
33260661
113840047
913656878
1024309941
346557714
848451722
843069373
136938005
142608154
320783572
127836712
29693467
1152406466
246408928
1007102857
1433481965
1423960067
177374507
1511131208
1033079228
58276449
1078513602
91737194
175300160
1095499137
134731839
346634116
1443053016
1391267853
83831082
59371941
471435464
69227095
179746057
937675032
1447361255
120385363
1348518643
1483699183
380388251
1113630909
1207675727
14410668
32635632
38515290
351889994
125168777
80699272
67653468
139283934
96753458
161011851
351017118
1383570390
203931546
115335078
10407674
1466318250
108436741
427428531
1007187576
231670679
357377924
229345591
363943779
482967576
181811755
395489647
1124921210
1042593602
1151484145
348850248
1006874747
108854165
1195977109
452887799
1236020428
218488977
874589932
1445193264
839096395
1423852483
1190617619
89546630
873598227
422945126
894845826
31614148
110811903
1048005334
1513495443
481056460
155351508
1431254508
169368265
133570236
219406766
105374192
1265747963
1090934385
1198196584
177348161
1284263067
1159110039
92297204
1176869047
1436348106
84046918
189740845
1135976443
96208554
467719639
216076597
1051207532
452230961
863827890
872720777
91562787
1289455550
134687360
95988718
1508532941
201391664
868848634
1231398230
309157853
1453831813
35814604
83636536
434235834
887689973
483817850
84388601
919336876
351005204
1097212197
155228370
1041938914
186455759
1210395625
182080191
183113219
1476176486
297612897
1050397374
206412534
906145074
408819233
34684430
1453834147
404861341
148225596
172592227
219738381
346241117
247410907
308870041
868771923
885317057
236756671
90359874
996577769
111003995
230930470
82161045
51722789
1108650526
85810297
1198569060
1259155860
257495163
353543007
87114812
372586648
40086558
1144506247
1014905690
1039702576
126937200
905425698
43961023
192932087
193152818
1215599421
61051458
1106103886
838316665
907946319
212780827
1056438645
1006339588
175735614
1223357735
237039158
1208888703
168954722
315554766
1025133447
106867417
328441272
308245264
398600830
161478478
1072495041
320526727
1129073250
1228893494
204253988
286005284
846220631
137753326
71051774
118192323
1094429572
1056607074
160839179
271470328
93416013
959707830
306839196
388493689
1063730613
1275615551
1094285083
115889254
413157366
354937926
410639746
1280075215
1476015665
49870209
1278129139
1178440485
422349080
1136957569
1506019680
290010296
1112399820
429292968
1073108663
122151957
87999989
204358451
1264650563
344482410
194762721
94079213
1005289515
1043275836
1134905679
895945460
1298439132
168123686
255360187
897727062
84141060
253507492
209180176
208850392
81569993
190168294
392685051
169605544
405131211
1193457194
883830374
56914196
39072003
422521317
63909560
177440038
375284349
876063637
1163708027
1102942941
1160736495
100555717
101945727
1006401929
468064694
122678870
332539684
410067167
1242490966
907446734
1112511196
1139446378
285110840
363212869
1421534580
1463076315
10111906
1106014330
368142251
280496320
1092430522
1284999048
113012183
1427683513
29064685
69031521
113169736
417849512
866351438
873422004
1201551468
1182323186
1251882480
910062243
201660405
1513942585
1256698603
24351414
314362548
238927899
1448530186
1256844874
1428386582
1417440610
1348768059
88108788
91933764
293410939
899160337
1252377798
112427162
372280931
272742036
55964743
1128159030
400087359
1392156902
881796321
71355402
144855913
1460447159
1084762624
1378999633
1002048160
1039575635
1272881343
187364554
31907287
84156198
890498021
1078162077
1210574057
243410249
117308581
95895330
360666279
132907632
213727466
382445626
290499808
1283570359
1455537892
116255023
108688159
1253122763
898425352
280971198
1483358151
372814042
145501003
1104205282
1035731520
854914684
316415963
1232441538
172665433
239257498
175857306
408961639
1312151821
95095395
161744504
228579989
1096191178
217555873
311283214
27906130
77597449
458519849
320936369
40694475
1090438665
1511962926
1008196055
1230165189
158416859
1113079797
52548006
283308078
42124223
148353571
83706438
303381825
898038271
1397738002
146183922
1139258742
143646378
1419077339
196039718
384556812
386239002
429548777
110419571
178289084
399886084
1134820448
352005069
76492912
1045115432
304283477
207556708
128839307
871233173
1165115870
200567410
1219809075
340381491
970211666
297212015
1173935057
96340931
116271771
62911499
271468856
1507445541
1492594639
126050301
1218062352
191897106
303280591
881399211
206615304
22676671
274569736
186861324
910608234
874679488
201103790
132231061
127936248
130902814
107437463
1298624913
394557288
99369408
866961894
1173672167
101099009
413514105
208867825
1010226819
200155077
151637856
913623970
880408170
1052897734
209612801
86303789
213702229
209572057
402335701
125755242
346827496
1155932922
1057597645
12075727
1128905957
1052994460
1145265901
1053387560
197402984
890596435
155787766
1426810385
1017955044
346744879
119221701
917230910
335061281
298028930
1002463067
119343472
206720955
1026092511
236983423
1511392526
272346680
208775471
1281763567
54075108
1316585316
121547391
252557227
847308798
1257068861
238888763
198305693
1050096470
390493158
467112253
1269472169
1506628683
1103376311
133331568
376189566
1079544069
981215687
1429735010
63164529
410852152
160126694
896329359
85008842
119010008
1251398897
482291881
1071586663
386293837
485330467
325059409
47866045
922841603
131948871
150760759
883714176
850170691
917634050
1263718409
851547831
911580249
987645146
230865079
1041663117
1013652002
55267259
103915069
1030690195
999886959
446960065
1170847377
73746789
1153951804
1270836335
162699167
131015656
109776527
81729908
1135295144
73377811
1038296099
415576640
224375389
1139970555
1478995825
248691861
1261590700
333059341
1156727771
919474224
240463915
374834297
412711043
121242633
1262522885
232775546
279000234
20788321
185882105
837293949
257027653
167888396
1145686841
394406121
319589543
1113284284
345540015
914715237
1283989358
81905519
1132986836
127259718
475841268
68914253
172311676
858414216
20816284
194565961
1119127462
1033128898
346591025
892680098
1428866455
173428612
164497148
1141003905
427627013
392752981
915737168
85214867
1419711623
1042305593
840350921
102422414
960533915
58251121
219373217
1473501385
192221145
180773582
106688473
100982819
63841781
870680444
1232496928
437046344
1176473842
1247536540
1137319077
335970909
132389025
441902518
956264638
256050789
1184693480
240630281
221533202
911425578
98256665
311294316
1183599108
994195328
1059240218
1188480446
378677661
119124233
1286254628
440255815
1505270014
95149050
971713611
1428290627
441897301
930551498
100152192
303064225
24595193
127254152
389597192
319436149
145355625
406168047
1266798171
436673023
1071995805
1262855781
1062524136
1026668427
1415610645
1512905724
164488416
1427617283
1023049654
450386111
1102265678
120659711
1002076065
188300655
328287994
382048094
1232964647
993491630
1039966010
128358531
1004375730
294590325
1141714645
1246404167
895957847
1509818913
187701146
1171994508
9229017
98668561
211736209
375376238
1243033235
835368249
1511600482
466965663
235427130
385548119
86001869
1284409929
1513220076
159966419
319060680
909443993
161327463
56167146
327718212
1140078436
841065458
1164644244
201377475
98982456
880392835
133100898
283612442
1252848525
864020490
28045583
1205360458
1241345974
1285453151
1223946942
135234258
1273713998
1159107445
386159985
845538052
11827358
1127995682
1179377625
1018482130
356224750
1174515951
96823668
1169700406
405660204
917743686
260190192
1163234625
87011958
1210544363
367578709
1126457854
870048390
889725141
1199986698
889333764
916197222
94332444
933388626
424050841
432644485
129802340
27954586
1266698084
308753454
1043442786
125787974
197542740
543634
1092803391
912760998
1241464413
1269003877
1127650521
77786379
1484779132
1071788839
249328843
1482554546
1138590156
469696226
110696884
103406542
998173400
391203551
380795303
1143234736
1056221402
104354251
98318261
160214738
159437360
195065084
906596595
885439073
1213750409
1028594110
946367002
1262605381
1173555232
1057683037
881664316
150397045
1003158192
898840789
1478934384
79264161
436531323
875237692
260233156
1120603475
1232630608
1428376770
1297738039
910762091
1506859448
111535199
1377967009
1092084039
47132806
970597832
1078783823
89190377
1096872016
1160179882
1327908526
398761410
924400378
67665472
399045877
231924841
198981315
58520287
109409867
151698159
1003097691
77504652
886516618
356201142
1494646479
118404105
1168262595
134807867
1212296807
882780144
1024494717
474353636
1188097679
423464475
1085822245
311402438
1204205894
1029709350
211117422
1271735575
1010803757
182689401
311369828
188203051
202732089
1012539617
76986777
180173764
1467107153
1161064416
1123538581
294965120
33385974
1738692
226304579
83091449
169153077
479976919
1446106284
1136512895
1043106557
1056246719
448314391
344753322
394695440
1116016827
142612573
1118857540
113261090
1426616393
881208597
1027068208
122380764
1037742395
1143125163
1465900993
490021811
35038409
1482793814
227783969
874140794
319355672
426142418
170618288
913104591
1165026755
386769336
187412390
105573252
42837159
1512303701
1189815607
282771792
193227578
1054803689
74936172
180609694
297093856
1116012407
69423320
105119280
1055532259
59776743
136270010
416960631
140853206
872661898
187943168
312933650
1181461503
1247079719
1139131435
406522877
247409295
296524690
272504160
1235594271
1004248432
869383803
82393679
418647694
381950819
95428807
1128566428
1018287242
922749965
326861388
78472381
323228472
430400788
902748003
130419876
908790032
323876441
125648953
281342796
368973381
1126904271
199327298
990575985
1021980361
388969853
147184715
479583279
150383122
134405706
879068691
307323634
1287657756
127942320
223360221
1146472528
1241983822
1038676041
145864543
241071727
193923480
318082966
118763978
338827396
341704249
874795098
897707568
1179125773
431027707
1082995531
1122890233
1511182129
111535082
383439794
350834547
436691785
1016046064
442827943
353206744
341033210
1016264942
124947017
181529197
1455565632
77514367
1245561013
1263234742
223096726
902309441
1114209791
1317461414
1492339861
1311721796
164964043
1208628770
493801829
61469215
313686982
399105077
1121605137
44348951
313823106
1147473885
312629042
111259764
189884883
80099869
233097454
92464898
870137052
1069877762
100788546
211241497
233139923
113080865
10546233
455625418
1293770702
119991660
216595047
1079440486
104026913
1030406041
463616462
488131307
180950272
1215437051
43476638
1389993734
1152085359
138256916
325424798
348129110
1054893958
1111889698
284369982
916935997
1192420292
1268211981
245891987
180456331
1059875459
1271572214
39096511
912845849
329156488
1017033856
408737173
868582618
219688969
1290636086
213861859
1025148092
1202304100
1087366827
1138583425
51747763
90484361
923325195
324802725
108279874
1097731534
128737786
923771536
219690470
1047180882
44070664
401124697
1113893531
69650688
929589622
67573723
1242723132
297661357
405790252
12473187
972959959
174640103
156933301
1462989623
901024060
99667867
1008262261
51152339
1061162358
77178135
313091194
1084851091
301755635
896818664
892408176
1096729816
440151062
193009945
1514767192
1121817153
127538726
138537792
93280975
113574183
312337120
1164764334
112650503
372789405
314677447
111749668
302810015
134446761
1009729307
160402342
1283476450
374983995
178989302
86511469
469602484
1216757201
299444743
387619360
1086921242
102089428
321364312
1455313217
428568432
45144545
1218298154
1275717283
1512129303
1291009096
112258722
307484755
1043765450
320075601
93534453
1128900895
1006341306
109826171
1187076138
1262136892
92074704
234835934
107843383
125544152
346337266
1506300497
36510775
253513844
1510943262
126769581
134407654
203975682
412830042
203158548
1232274083
32045339
406094879
448228817
1183187400
428484864
125005003
169566430
1041203362
1178951340
34362707
1297038875
1044569823
203934366
434282398
92183450
1210876584
1094215027
463978767
63776897
92735118
1234074833
1253878571
913320871
1069212858
1166304597
407712594
106149903
1473193763
410977401
1031643881
894475412
899439911
66496230
864267617
1052854057
1033714729
252091807
1033290639
108731968
1282528924
992537572
108659300
839713292
386864773
1241153923
236598881
933649916
161212151
1000142358
55069881
202757957
1050337116
1277680715
1212543932
1154577062
1214309063
1150439413
1238740870
1274610551
1197210016
874471735
377883275
1055296125
145065385
101531993
1036639527
1161291920
1048302156
1508336332
9476604
370718920
1398655813
126963667
897992747
1506870546
129562177
1044439092
1180425206
1215739863
236036713
49473450
1512765719
891239221
346849866
1316592177
38740799
91548978
196255632
95866587
90252647
400423696
169534690
149435542
1149247998
1217950126
1023336744
1106390964
3876467
52356382
1082764917
337976717
463561478
1403510797
1244410103
854214711
311680252
88176912
246388753
383804156
1228274490
403738320
253129044
1007775178
1515780970
885133142
104800939
38082966
154258005
934244731
1478004854
907250368
125885247
84950110
856926591
894311713
31543088
111467758
1300580736
49097770
35394725
1266726552
124187373
81218369
209320336
167931323
1279271001
270985
1068223
158576002
380800663
112034627
319739735
1091316818
1185379527
1422485656
492851451
875385293
1077270689
1516900578
1256742974
53658120
874730094
1043277894
1518211798
160315029
1144751342
845127135
1278678540
222480693
1481977822
363511978
1506835376
115612151
1108309849
1125605514
154942190
20056154
1114288097
106764953
1206232041
1001346208
186971852
912614610
394036419
294595993
912090668
1029034456
387100181
990777800
1274866682
121732084
43623302
158947867
395048385
1020052912
1009453418
336585014
84226381
909911952
185842860
268190008
1423126496
1182450645
1115779282
1163402938
189658743
917004860
202989637
1279184810
1024524485
871866073
110445239
345134689
1483489648
206561383
1074390297
258703955
407837967
354735017
89835438
891034042
72747650
924890978
1321876353
903454573
74527340
103621897
1219948445
293900934
131183865
84631669
1022795787
92169753
54831428
1521037887
1510810581
1035247664
1232174101
183184945
119475028
1206402594
296537461
1037476717
1008431288
95907921
170092651
1158287974
1043437427
1216554934
85949170
436795346
1428485939
87265219
105617280
1189715193
1217206383
191660856
902280694
355455645
398927741
1024913141
162726782
394769693
131506665
165136142
1122784428
836739667
1002435000
33645621
136708009
250243523
1068105799
27049127
860508026
458111799
1223072808
1063434156
129483308
190199118
1123403152
263341652
494021092
353130450
99078762
408436051
360761904
164820014
1511960687
84232626
481436259
50808189
170788442
985639607
934705217
97300745
1318520577
892958652
112948535
1135763011
1056253473
183382974
379734986
1332622256
1261684055
1138619772
291036062
456466260
257035047
909671667
1329706201
375288739
458805475
6481013
111867006
461253457
1236738572
1479364328
31647744
115681008
836410509
332220646
293543730
1488033674
1078981446
73952027
1280102754
1150070610
87179381
1093722601
1091771388
129277658
1227485410
104031589
444431254
1507997393
1260057048
82589123
241167091
392248064
89842676
314208890
230167699
1028629114
83539378
929902051
470887690
165819858
216102194
125075049
93135976
1008685472
1100675804
882023870
348992260
317030010
1054308479
1505815371
836103974
841548413
425696161
1292510616
48146589
1285610167
47875920
943588302
1040562828
204704768
416496072
198169748
304386081
106507276
367293778
163819725
244128481
1313744121
181844274
19550329
880874801
1463338258
122630371
1098112356
1521079118
92754086
239518750
1152786069
1485120641
1191588285
437178554
10603918
445432774
1164734761
1127397184
51422815
100982601
1071043117
26481220
965257113
1241565408
1199049224
878343867
256073881
93875845
1165505340
1260409087
1506495120
1183929029
1486974941
223762274
1267104708
418374803
1072482160
1000711094
208900522
139665558
36209870
241231689
8783315
1014454145
1024850999
844659817
328294864
394926538
132100054
325354935
45431989
1144409280
330960567
87323416
447966161
1087195738
1247787036
97054328
1098077390
408625634
454832780
910973193
937412800
1270787099
1206746517
1034164419
1206598398
1128919069
412925996
839288064
208118179
94296775
848957558
190472775
1110754034
124982787
43416711
1150011128
40414902
406870427
461052598
172862397
275649712
